image_id,path,label,scenario,source,generator_family,split,score
doc_priv_d_real_006,C:/Users/Jeevan/Desktop/DeepFakeDetectionExperiment/data/images/doc/doc_priv_d_real_006.png,0,doc,priv_d,real,test_seen,6.218307920990847e-18
doc_priv_d_real_007,C:/Users/Jeevan/Desktop/DeepFakeDetectionExperiment/data/images/doc/doc_priv_d_real_007.png,0,doc,priv_d,real,test_seen,1.654671094718336e-20
doc_priv_d_real_010,C:/Users/Jeevan/Desktop/DeepFakeDetectionExperiment/data/images/doc/doc_priv_d_real_010.png,0,doc,priv_d,real,test_seen,8.706521797470782e-18
doc_priv_d_real_013,C:/Users/Jeevan/Desktop/DeepFakeDetectionExperiment/data/images/doc/doc_priv_d_real_013.png,0,doc,priv_d,real,test_seen,2.1965888043610138e-33
doc_priv_d_real_018,C:/Users/Jeevan/Desktop/DeepFakeDetectionExperiment/data/images/doc/doc_priv_d_real_018.png,0,doc,priv_d,real,test_seen,9.130863591653283e-34
doc_priv_d_real_020,C:/Users/Jeevan/Desktop/DeepFakeDetectionExperiment/data/images/doc/doc_priv_d_real_020.png,0,doc,priv_d,real,test_seen,6.442026219093852e-29
doc_priv_d_real_022,C:/Users/Jeevan/Desktop/DeepFakeDetectionExperiment/data/images/doc/doc_priv_d_real_022.png,0,doc,priv_d,real,test_seen,1.8046366820490506e-29
doc_priv_d_real_037,C:/Users/Jeevan/Desktop/DeepFakeDetectionExperiment/data/images/doc/doc_priv_d_real_037.png,0,doc,priv_d,real,test_seen,2.6443009907976293e-33
doc_priv_d_real_038,C:/Users/Jeevan/Desktop/DeepFakeDetectionExperiment/data/images/doc/doc_priv_d_real_038.png,0,doc,priv_d,real,test_seen,2.970358856629797e-25
doc_priv_d_real_044,C:/Users/Jeevan/Desktop/DeepFakeDetectionExperiment/data/images/doc/doc_priv_d_real_044.png,0,doc,priv_d,real,test_seen,1.1265663968097062e-31
doc_priv_d_real_046,C:/Users/Jeevan/Desktop/DeepFakeDetectionExperiment/data/images/doc/doc_priv_d_real_046.png,0,doc,priv_d,real,test_seen,7.812933872091299e-26
doc_priv_d_real_048,C:/Users/Jeevan/Desktop/DeepFakeDetectionExperiment/data/images/doc/doc_priv_d_real_048.png,0,doc,priv_d,real,test_seen,1.494132783313243e-31
doc_priv_d_real_050,C:/Users/Jeevan/Desktop/DeepFakeDetectionExperiment/data/images/doc/doc_priv_d_real_050.png,0,doc,priv_d,real,test_seen,9.1029501999429e-31
doc_priv_d_real_064,C:/Users/Jeevan/Desktop/DeepFakeDetectionExperiment/data/images/doc/doc_priv_d_real_064.png,0,doc,priv_d,real,test_seen,1.6613245033979291e-28
doc_priv_d_real_078,C:/Users/Jeevan/Desktop/DeepFakeDetectionExperiment/data/images/doc/doc_priv_d_real_078.png,0,doc,priv_d,real,test_seen,3.7883931120636526e-33
doc_priv_d_real_084,C:/Users/Jeevan/Desktop/DeepFakeDetectionExperiment/data/images/doc/doc_priv_d_real_084.png,0,doc,priv_d,real,test_seen,4.5795365688895776e-17
doc_priv_d_real_091,C:/Users/Jeevan/Desktop/DeepFakeDetectionExperiment/data/images/doc/doc_priv_d_real_091.png,0,doc,priv_d,real,test_seen,1.3628267013216914e-26
doc_priv_d_real_094,C:/Users/Jeevan/Desktop/DeepFakeDetectionExperiment/data/images/doc/doc_priv_d_real_094.png,0,doc,priv_d,real,test_seen,9.094767818865695e-29
doc_priv_d_real_097,C:/Users/Jeevan/Desktop/DeepFakeDetectionExperiment/data/images/doc/doc_priv_d_real_097.png,0,doc,priv_d,real,test_seen,1.0581089254986417e-17
doc_priv_d_real_109,C:/Users/Jeevan/Desktop/DeepFakeDetectionExperiment/data/images/doc/doc_priv_d_real_109.png,0,doc,priv_d,real,test_seen,1.271461032538673e-28
doc_priv_d_real_117,C:/Users/Jeevan/Desktop/DeepFakeDetectionExperiment/data/images/doc/doc_priv_d_real_117.png,0,doc,priv_d,real,test_seen,1.0825440827329957e-25
doc_priv_d_real_127,C:/Users/Jeevan/Desktop/DeepFakeDetectionExperiment/data/images/doc/doc_priv_d_real_127.png,0,doc,priv_d,real,test_seen,4.209203191926739e-33
doc_priv_d_real_137,C:/Users/Jeevan/Desktop/DeepFakeDetectionExperiment/data/images/doc/doc_priv_d_real_137.png,0,doc,priv_d,real,test_seen,1.0477498933940257e-25
doc_priv_d_real_138,C:/Users/Jeevan/Desktop/DeepFakeDetectionExperiment/data/images/doc/doc_priv_d_real_138.png,0,doc,priv_d,real,test_seen,1.8510519548206478e-28
doc_priv_d_real_147,C:/Users/Jeevan/Desktop/DeepFakeDetectionExperiment/data/images/doc/doc_priv_d_real_147.png,0,doc,priv_d,real,test_seen,1.2894377695286954e-25
doc_priv_d_real_153,C:/Users/Jeevan/Desktop/DeepFakeDetectionExperiment/data/images/doc/doc_priv_d_real_153.png,0,doc,priv_d,real,test_seen,2.5346124905155322e-33
doc_priv_d_real_154,C:/Users/Jeevan/Desktop/DeepFakeDetectionExperiment/data/images/doc/doc_priv_d_real_154.png,0,doc,priv_d,real,test_seen,8.349904783224211e-29
doc_priv_d_real_157,C:/Users/Jeevan/Desktop/DeepFakeDetectionExperiment/data/images/doc/doc_priv_d_real_157.png,0,doc,priv_d,real,test_seen,2.574169304548508e-21
doc_priv_d_real_159,C:/Users/Jeevan/Desktop/DeepFakeDetectionExperiment/data/images/doc/doc_priv_d_real_159.png,0,doc,priv_d,real,test_seen,1.1943468736396409e-25
doc_priv_d_real_165,C:/Users/Jeevan/Desktop/DeepFakeDetectionExperiment/data/images/doc/doc_priv_d_real_165.png,0,doc,priv_d,real,test_seen,7.336007974378514e-21
doc_priv_d_real_168,C:/Users/Jeevan/Desktop/DeepFakeDetectionExperiment/data/images/doc/doc_priv_d_real_168.png,0,doc,priv_d,real,test_seen,1.7585453087524611e-31
doc_priv_d_real_186,C:/Users/Jeevan/Desktop/DeepFakeDetectionExperiment/data/images/doc/doc_priv_d_real_186.png,0,doc,priv_d,real,test_seen,1.8107057687863007e-28
doc_priv_d_real_205,C:/Users/Jeevan/Desktop/DeepFakeDetectionExperiment/data/images/doc/doc_priv_d_real_205.png,0,doc,priv_d,real,test_seen,2.4979556665140166e-25
doc_priv_d_real_206,C:/Users/Jeevan/Desktop/DeepFakeDetectionExperiment/data/images/doc/doc_priv_d_real_206.png,0,doc,priv_d,real,test_seen,2.6039405759331387e-33
doc_priv_d_real_207,C:/Users/Jeevan/Desktop/DeepFakeDetectionExperiment/data/images/doc/doc_priv_d_real_207.png,0,doc,priv_d,real,test_seen,2.0277167878413934e-20
doc_priv_d_real_217,C:/Users/Jeevan/Desktop/DeepFakeDetectionExperiment/data/images/doc/doc_priv_d_real_217.png,0,doc,priv_d,real,test_seen,8.339781613954024e-29
doc_priv_d_real_220,C:/Users/Jeevan/Desktop/DeepFakeDetectionExperiment/data/images/doc/doc_priv_d_real_220.png,0,doc,priv_d,real,test_seen,2.779956374465291e-28
doc_priv_d_real_222,C:/Users/Jeevan/Desktop/DeepFakeDetectionExperiment/data/images/doc/doc_priv_d_real_222.png,0,doc,priv_d,real,test_seen,1.1431487431466523e-20
doc_priv_d_real_235,C:/Users/Jeevan/Desktop/DeepFakeDetectionExperiment/data/images/doc/doc_priv_d_real_235.png,0,doc,priv_d,real,test_seen,9.839364379341804e-32
doc_priv_d_real_240,C:/Users/Jeevan/Desktop/DeepFakeDetectionExperiment/data/images/doc/doc_priv_d_real_240.png,0,doc,priv_d,real,test_seen,1.4121783634052628e-25
doc_priv_d_real_252,C:/Users/Jeevan/Desktop/DeepFakeDetectionExperiment/data/images/doc/doc_priv_d_real_252.png,0,doc,priv_d,real,test_seen,1.2070507129610724e-28
doc_priv_d_real_255,C:/Users/Jeevan/Desktop/DeepFakeDetectionExperiment/data/images/doc/doc_priv_d_real_255.png,0,doc,priv_d,real,test_seen,3.5161230539988277e-29
doc_priv_d_real_256,C:/Users/Jeevan/Desktop/DeepFakeDetectionExperiment/data/images/doc/doc_priv_d_real_256.png,0,doc,priv_d,real,test_seen,8.665027487025416e-28
doc_priv_d_real_259,C:/Users/Jeevan/Desktop/DeepFakeDetectionExperiment/data/images/doc/doc_priv_d_real_259.png,0,doc,priv_d,real,test_seen,4.886758946244061e-29
doc_priv_d_real_260,C:/Users/Jeevan/Desktop/DeepFakeDetectionExperiment/data/images/doc/doc_priv_d_real_260.png,0,doc,priv_d,real,test_seen,1.1928334981116058e-28
doc_priv_d_real_262,C:/Users/Jeevan/Desktop/DeepFakeDetectionExperiment/data/images/doc/doc_priv_d_real_262.png,0,doc,priv_d,real,test_seen,3.883058243529265e-33
doc_priv_d_real_264,C:/Users/Jeevan/Desktop/DeepFakeDetectionExperiment/data/images/doc/doc_priv_d_real_264.png,0,doc,priv_d,real,test_seen,4.193016988929781e-18
doc_priv_d_real_270,C:/Users/Jeevan/Desktop/DeepFakeDetectionExperiment/data/images/doc/doc_priv_d_real_270.png,0,doc,priv_d,real,test_seen,4.436904442805843e-28
doc_priv_d_real_271,C:/Users/Jeevan/Desktop/DeepFakeDetectionExperiment/data/images/doc/doc_priv_d_real_271.png,0,doc,priv_d,real,test_seen,4.292596801935903e-34
doc_priv_d_real_275,C:/Users/Jeevan/Desktop/DeepFakeDetectionExperiment/data/images/doc/doc_priv_d_real_275.png,0,doc,priv_d,real,test_seen,5.0535205724595074e-18
doc_priv_d_real_281,C:/Users/Jeevan/Desktop/DeepFakeDetectionExperiment/data/images/doc/doc_priv_d_real_281.png,0,doc,priv_d,real,test_seen,3.2706930743155017e-29
doc_priv_d_real_288,C:/Users/Jeevan/Desktop/DeepFakeDetectionExperiment/data/images/doc/doc_priv_d_real_288.png,0,doc,priv_d,real,test_seen,7.106839883267527e-26
doc_priv_d_real_294,C:/Users/Jeevan/Desktop/DeepFakeDetectionExperiment/data/images/doc/doc_priv_d_real_294.png,0,doc,priv_d,real,test_seen,1.2800672113103177e-25
doc_priv_d_real_310,C:/Users/Jeevan/Desktop/DeepFakeDetectionExperiment/data/images/doc/doc_priv_d_real_310.png,0,doc,priv_d,real,test_seen,4.1492425107882396e-34
doc_priv_d_real_316,C:/Users/Jeevan/Desktop/DeepFakeDetectionExperiment/data/images/doc/doc_priv_d_real_316.png,0,doc,priv_d,real,test_seen,2.356979547477834e-28
doc_priv_d_real_317,C:/Users/Jeevan/Desktop/DeepFakeDetectionExperiment/data/images/doc/doc_priv_d_real_317.png,0,doc,priv_d,real,test_seen,3.818051730849342e-31
doc_priv_d_real_318,C:/Users/Jeevan/Desktop/DeepFakeDetectionExperiment/data/images/doc/doc_priv_d_real_318.png,0,doc,priv_d,real,test_seen,3.339192272234317e-33
doc_priv_d_real_321,C:/Users/Jeevan/Desktop/DeepFakeDetectionExperiment/data/images/doc/doc_priv_d_real_321.png,0,doc,priv_d,real,test_seen,1.977976780049461e-17
doc_priv_d_real_323,C:/Users/Jeevan/Desktop/DeepFakeDetectionExperiment/data/images/doc/doc_priv_d_real_323.png,0,doc,priv_d,real,test_seen,1.6781291230781746e-33
doc_priv_d_real_324,C:/Users/Jeevan/Desktop/DeepFakeDetectionExperiment/data/images/doc/doc_priv_d_real_324.png,0,doc,priv_d,real,test_seen,1.884456975547569e-31
doc_priv_d_real_332,C:/Users/Jeevan/Desktop/DeepFakeDetectionExperiment/data/images/doc/doc_priv_d_real_332.png,0,doc,priv_d,real,test_seen,2.6291784487553735e-29
doc_priv_d_real_335,C:/Users/Jeevan/Desktop/DeepFakeDetectionExperiment/data/images/doc/doc_priv_d_real_335.png,0,doc,priv_d,real,test_seen,5.701139025081311e-29
doc_priv_d_real_340,C:/Users/Jeevan/Desktop/DeepFakeDetectionExperiment/data/images/doc/doc_priv_d_real_340.png,0,doc,priv_d,real,test_seen,2.234757840616183e-33
doc_priv_d_real_342,C:/Users/Jeevan/Desktop/DeepFakeDetectionExperiment/data/images/doc/doc_priv_d_real_342.png,0,doc,priv_d,real,test_seen,1.52634413842747e-28
doc_priv_d_real_355,C:/Users/Jeevan/Desktop/DeepFakeDetectionExperiment/data/images/doc/doc_priv_d_real_355.png,0,doc,priv_d,real,test_seen,1.010469599090009e-28
doc_priv_d_real_357,C:/Users/Jeevan/Desktop/DeepFakeDetectionExperiment/data/images/doc/doc_priv_d_real_357.png,0,doc,priv_d,real,test_seen,1.3107085433125325e-17
doc_priv_d_real_358,C:/Users/Jeevan/Desktop/DeepFakeDetectionExperiment/data/images/doc/doc_priv_d_real_358.png,0,doc,priv_d,real,test_seen,1.3535252685808775e-28
doc_priv_d_real_363,C:/Users/Jeevan/Desktop/DeepFakeDetectionExperiment/data/images/doc/doc_priv_d_real_363.png,0,doc,priv_d,real,test_seen,3.3570219501423984e-33
doc_priv_d_real_364,C:/Users/Jeevan/Desktop/DeepFakeDetectionExperiment/data/images/doc/doc_priv_d_real_364.png,0,doc,priv_d,real,test_seen,2.982746287236601e-18
doc_priv_d_real_369,C:/Users/Jeevan/Desktop/DeepFakeDetectionExperiment/data/images/doc/doc_priv_d_real_369.png,0,doc,priv_d,real,test_seen,7.973313477846542e-21
doc_priv_d_real_376,C:/Users/Jeevan/Desktop/DeepFakeDetectionExperiment/data/images/doc/doc_priv_d_real_376.png,0,doc,priv_d,real,test_seen,8.637085209464472e-26
doc_priv_d_real_385,C:/Users/Jeevan/Desktop/DeepFakeDetectionExperiment/data/images/doc/doc_priv_d_real_385.png,0,doc,priv_d,real,test_seen,4.5177206762440845e-29
doc_priv_d_real_386,C:/Users/Jeevan/Desktop/DeepFakeDetectionExperiment/data/images/doc/doc_priv_d_real_386.png,0,doc,priv_d,real,test_seen,3.616179280043477e-18
doc_priv_d_real_387,C:/Users/Jeevan/Desktop/DeepFakeDetectionExperiment/data/images/doc/doc_priv_d_real_387.png,0,doc,priv_d,real,test_seen,1.4858650632269603e-28
doc_priv_d_real_393,C:/Users/Jeevan/Desktop/DeepFakeDetectionExperiment/data/images/doc/doc_priv_d_real_393.png,0,doc,priv_d,real,test_seen,7.070216418704357e-29
doc_priv_d_real_397,C:/Users/Jeevan/Desktop/DeepFakeDetectionExperiment/data/images/doc/doc_priv_d_real_397.png,0,doc,priv_d,real,test_seen,1.0265562037508677e-17
doc_priv_d_real_400,C:/Users/Jeevan/Desktop/DeepFakeDetectionExperiment/data/images/doc/doc_priv_d_real_400.png,0,doc,priv_d,real,test_seen,2.0799429566990268e-25
doc_priv_d_real_403,C:/Users/Jeevan/Desktop/DeepFakeDetectionExperiment/data/images/doc/doc_priv_d_real_403.png,0,doc,priv_d,real,test_seen,6.611378535411169e-26
doc_priv_d_real_407,C:/Users/Jeevan/Desktop/DeepFakeDetectionExperiment/data/images/doc/doc_priv_d_real_407.png,0,doc,priv_d,real,test_seen,1.1689768835198596e-28
doc_priv_d_real_409,C:/Users/Jeevan/Desktop/DeepFakeDetectionExperiment/data/images/doc/doc_priv_d_real_409.png,0,doc,priv_d,real,test_seen,1.1150685713362249e-25
doc_priv_d_real_411,C:/Users/Jeevan/Desktop/DeepFakeDetectionExperiment/data/images/doc/doc_priv_d_real_411.png,0,doc,priv_d,real,test_seen,2.259789625474959e-33
doc_priv_d_real_414,C:/Users/Jeevan/Desktop/DeepFakeDetectionExperiment/data/images/doc/doc_priv_d_real_414.png,0,doc,priv_d,real,test_seen,4.5363022890887756e-29
doc_priv_d_real_420,C:/Users/Jeevan/Desktop/DeepFakeDetectionExperiment/data/images/doc/doc_priv_d_real_420.png,0,doc,priv_d,real,test_seen,1.5151133186980188e-28
doc_priv_d_real_423,C:/Users/Jeevan/Desktop/DeepFakeDetectionExperiment/data/images/doc/doc_priv_d_real_423.png,0,doc,priv_d,real,test_seen,1.3899981832002932e-25
doc_priv_d_real_425,C:/Users/Jeevan/Desktop/DeepFakeDetectionExperiment/data/images/doc/doc_priv_d_real_425.png,0,doc,priv_d,real,test_seen,7.267579537170041e-26
doc_priv_d_real_426,C:/Users/Jeevan/Desktop/DeepFakeDetectionExperiment/data/images/doc/doc_priv_d_real_426.png,0,doc,priv_d,real,test_seen,1.7369989251818326e-29
doc_priv_d_real_430,C:/Users/Jeevan/Desktop/DeepFakeDetectionExperiment/data/images/doc/doc_priv_d_real_430.png,0,doc,priv_d,real,test_seen,3.3370742220793187e-28
doc_priv_d_real_436,C:/Users/Jeevan/Desktop/DeepFakeDetectionExperiment/data/images/doc/doc_priv_d_real_436.png,0,doc,priv_d,real,test_seen,1.3080111900530585e-17
doc_priv_d_real_437,C:/Users/Jeevan/Desktop/DeepFakeDetectionExperiment/data/images/doc/doc_priv_d_real_437.png,0,doc,priv_d,real,test_seen,9.734266411607705e-18
doc_priv_d_real_444,C:/Users/Jeevan/Desktop/DeepFakeDetectionExperiment/data/images/doc/doc_priv_d_real_444.png,0,doc,priv_d,real,test_seen,8.272671381335637e-29
doc_priv_d_real_448,C:/Users/Jeevan/Desktop/DeepFakeDetectionExperiment/data/images/doc/doc_priv_d_real_448.png,0,doc,priv_d,real,test_seen,8.703688604729045e-28
doc_priv_d_real_451,C:/Users/Jeevan/Desktop/DeepFakeDetectionExperiment/data/images/doc/doc_priv_d_real_451.png,0,doc,priv_d,real,test_seen,1.1171077300879368e-33
doc_priv_d_real_453,C:/Users/Jeevan/Desktop/DeepFakeDetectionExperiment/data/images/doc/doc_priv_d_real_453.png,0,doc,priv_d,real,test_seen,2.1155286441109042e-17
doc_priv_d_real_456,C:/Users/Jeevan/Desktop/DeepFakeDetectionExperiment/data/images/doc/doc_priv_d_real_456.png,0,doc,priv_d,real,test_seen,5.845817160611732e-33
doc_priv_d_real_462,C:/Users/Jeevan/Desktop/DeepFakeDetectionExperiment/data/images/doc/doc_priv_d_real_462.png,0,doc,priv_d,real,test_seen,8.15591970254756e-29
doc_priv_d_real_464,C:/Users/Jeevan/Desktop/DeepFakeDetectionExperiment/data/images/doc/doc_priv_d_real_464.png,0,doc,priv_d,real,test_seen,1.4769366382683995e-20
doc_priv_d_real_471,C:/Users/Jeevan/Desktop/DeepFakeDetectionExperiment/data/images/doc/doc_priv_d_real_471.png,0,doc,priv_d,real,test_seen,7.332186025132303e-18
doc_priv_d_real_485,C:/Users/Jeevan/Desktop/DeepFakeDetectionExperiment/data/images/doc/doc_priv_d_real_485.png,0,doc,priv_d,real,test_seen,2.2041285500234627e-31
doc_priv_d_real_491,C:/Users/Jeevan/Desktop/DeepFakeDetectionExperiment/data/images/doc/doc_priv_d_real_491.png,0,doc,priv_d,real,test_seen,4.272912414347415e-33
doc_priv_d_real_494,C:/Users/Jeevan/Desktop/DeepFakeDetectionExperiment/data/images/doc/doc_priv_d_real_494.png,0,doc,priv_d,real,test_seen,1.475517282377011e-28
doc_nano_pro_nano_pro_001,C:/Users/Jeevan/Desktop/DeepFakeDetectionExperiment/data/images/doc/doc_nano_pro_nano_pro_001.png,1,doc,nanopro,nanopro,test_unseen,3.1918925973979595e-30
doc_nano_pro_nano_pro_002,C:/Users/Jeevan/Desktop/DeepFakeDetectionExperiment/data/images/doc/doc_nano_pro_nano_pro_002.png,1,doc,nanopro,nanopro,test_unseen,6.4420045523819775e-28
doc_nano_pro_nano_pro_003,C:/Users/Jeevan/Desktop/DeepFakeDetectionExperiment/data/images/doc/doc_nano_pro_nano_pro_003.png,1,doc,nanopro,nanopro,test_unseen,7.065340445567656e-28
doc_nano_pro_nano_pro_004,C:/Users/Jeevan/Desktop/DeepFakeDetectionExperiment/data/images/doc/doc_nano_pro_nano_pro_004.png,1,doc,nanopro,nanopro,test_unseen,8.907678289613679e-28
doc_nano_pro_nano_pro_005,C:/Users/Jeevan/Desktop/DeepFakeDetectionExperiment/data/images/doc/doc_nano_pro_nano_pro_005.png,1,doc,nanopro,nanopro,test_unseen,1.8810608548186088e-30
doc_nano_pro_nano_pro_006,C:/Users/Jeevan/Desktop/DeepFakeDetectionExperiment/data/images/doc/doc_nano_pro_nano_pro_006.png,1,doc,nanopro,nanopro,test_unseen,1.8699980129967916e-32
doc_nano_pro_nano_pro_007,C:/Users/Jeevan/Desktop/DeepFakeDetectionExperiment/data/images/doc/doc_nano_pro_nano_pro_007.png,1,doc,nanopro,nanopro,test_unseen,3.7975287279585624e-30
doc_nano_pro_nano_pro_008,C:/Users/Jeevan/Desktop/DeepFakeDetectionExperiment/data/images/doc/doc_nano_pro_nano_pro_008.png,1,doc,nanopro,nanopro,test_unseen,2.3355869796939998e-29
doc_nano_pro_nano_pro_009,C:/Users/Jeevan/Desktop/DeepFakeDetectionExperiment/data/images/doc/doc_nano_pro_nano_pro_009.png,1,doc,nanopro,nanopro,test_unseen,2.0092127223237854e-29
doc_nano_pro_nano_pro_010,C:/Users/Jeevan/Desktop/DeepFakeDetectionExperiment/data/images/doc/doc_nano_pro_nano_pro_010.png,1,doc,nanopro,nanopro,test_unseen,6.456796926950036e-26
doc_nano_pro_nano_pro_011,C:/Users/Jeevan/Desktop/DeepFakeDetectionExperiment/data/images/doc/doc_nano_pro_nano_pro_011.png,1,doc,nanopro,nanopro,test_unseen,1.9196650868711383e-27
doc_nano_pro_nano_pro_012,C:/Users/Jeevan/Desktop/DeepFakeDetectionExperiment/data/images/doc/doc_nano_pro_nano_pro_012.png,1,doc,nanopro,nanopro,test_unseen,2.6665727860380827e-28
doc_nano_pro_nano_pro_013,C:/Users/Jeevan/Desktop/DeepFakeDetectionExperiment/data/images/doc/doc_nano_pro_nano_pro_013.png,1,doc,nanopro,nanopro,test_unseen,1.6990802233791088e-29
doc_nano_pro_nano_pro_014,C:/Users/Jeevan/Desktop/DeepFakeDetectionExperiment/data/images/doc/doc_nano_pro_nano_pro_014.png,1,doc,nanopro,nanopro,test_unseen,2.760945375539499e-27
doc_nano_pro_nano_pro_015,C:/Users/Jeevan/Desktop/DeepFakeDetectionExperiment/data/images/doc/doc_nano_pro_nano_pro_015.png,1,doc,nanopro,nanopro,test_unseen,9.066561596818843e-31
doc_nano_pro_nano_pro_016,C:/Users/Jeevan/Desktop/DeepFakeDetectionExperiment/data/images/doc/doc_nano_pro_nano_pro_016.png,1,doc,nanopro,nanopro,test_unseen,2.589356476777765e-28
doc_nano_pro_nano_pro_017,C:/Users/Jeevan/Desktop/DeepFakeDetectionExperiment/data/images/doc/doc_nano_pro_nano_pro_017.png,1,doc,nanopro,nanopro,test_unseen,3.0840412126433487e-28
doc_nano_pro_nano_pro_018,C:/Users/Jeevan/Desktop/DeepFakeDetectionExperiment/data/images/doc/doc_nano_pro_nano_pro_018.png,1,doc,nanopro,nanopro,test_unseen,6.84845521525789e-29
doc_nano_pro_nano_pro_019,C:/Users/Jeevan/Desktop/DeepFakeDetectionExperiment/data/images/doc/doc_nano_pro_nano_pro_019.png,1,doc,nanopro,nanopro,test_unseen,4.7400554268942066e-31
doc_nano_pro_nano_pro_020,C:/Users/Jeevan/Desktop/DeepFakeDetectionExperiment/data/images/doc/doc_nano_pro_nano_pro_020.png,1,doc,nanopro,nanopro,test_unseen,1.0142653512228254e-29
doc_nano_pro_nano_pro_021,C:/Users/Jeevan/Desktop/DeepFakeDetectionExperiment/data/images/doc/doc_nano_pro_nano_pro_021.png,1,doc,nanopro,nanopro,test_unseen,2.0816929892949227e-29
doc_nano_pro_nano_pro_022,C:/Users/Jeevan/Desktop/DeepFakeDetectionExperiment/data/images/doc/doc_nano_pro_nano_pro_022.png,1,doc,nanopro,nanopro,test_unseen,7.75635496144656e-28
doc_nano_pro_nano_pro_023,C:/Users/Jeevan/Desktop/DeepFakeDetectionExperiment/data/images/doc/doc_nano_pro_nano_pro_023.png,1,doc,nanopro,nanopro,test_unseen,3.3713250203956115e-29
doc_nano_pro_nano_pro_024,C:/Users/Jeevan/Desktop/DeepFakeDetectionExperiment/data/images/doc/doc_nano_pro_nano_pro_024.png,1,doc,nanopro,nanopro,test_unseen,1.2986896852715155e-31
doc_nano_pro_nano_pro_025,C:/Users/Jeevan/Desktop/DeepFakeDetectionExperiment/data/images/doc/doc_nano_pro_nano_pro_025.png,1,doc,nanopro,nanopro,test_unseen,2.326230674726426e-31
doc_nano_pro_nano_pro_026,C:/Users/Jeevan/Desktop/DeepFakeDetectionExperiment/data/images/doc/doc_nano_pro_nano_pro_026.png,1,doc,nanopro,nanopro,test_unseen,4.9017559460538845e-27
doc_nano_pro_nano_pro_027,C:/Users/Jeevan/Desktop/DeepFakeDetectionExperiment/data/images/doc/doc_nano_pro_nano_pro_027.png,1,doc,nanopro,nanopro,test_unseen,8.683666213322608e-26
doc_nano_pro_nano_pro_028,C:/Users/Jeevan/Desktop/DeepFakeDetectionExperiment/data/images/doc/doc_nano_pro_nano_pro_028.png,1,doc,nanopro,nanopro,test_unseen,1.3571119896062536e-30
doc_nano_pro_nano_pro_029,C:/Users/Jeevan/Desktop/DeepFakeDetectionExperiment/data/images/doc/doc_nano_pro_nano_pro_029.png,1,doc,nanopro,nanopro,test_unseen,1.6778237590331894e-31
doc_nano_pro_nano_pro_030,C:/Users/Jeevan/Desktop/DeepFakeDetectionExperiment/data/images/doc/doc_nano_pro_nano_pro_030.png,1,doc,nanopro,nanopro,test_unseen,1.825018117439835e-21
doc_nano_pro_nano_pro_031,C:/Users/Jeevan/Desktop/DeepFakeDetectionExperiment/data/images/doc/doc_nano_pro_nano_pro_031.png,1,doc,nanopro,nanopro,test_unseen,2.1074459527508163e-28
doc_nano_pro_nano_pro_032,C:/Users/Jeevan/Desktop/DeepFakeDetectionExperiment/data/images/doc/doc_nano_pro_nano_pro_032.png,1,doc,nanopro,nanopro,test_unseen,5.8143379649751e-29
doc_nano_pro_nano_pro_033,C:/Users/Jeevan/Desktop/DeepFakeDetectionExperiment/data/images/doc/doc_nano_pro_nano_pro_033.png,1,doc,nanopro,nanopro,test_unseen,3.2994619443823856e-31
doc_nano_pro_nano_pro_034,C:/Users/Jeevan/Desktop/DeepFakeDetectionExperiment/data/images/doc/doc_nano_pro_nano_pro_034.png,1,doc,nanopro,nanopro,test_unseen,2.1571570182787293e-30
doc_nano_pro_nano_pro_035,C:/Users/Jeevan/Desktop/DeepFakeDetectionExperiment/data/images/doc/doc_nano_pro_nano_pro_035.png,1,doc,nanopro,nanopro,test_unseen,5.744854274071148e-26
doc_nano_pro_nano_pro_036,C:/Users/Jeevan/Desktop/DeepFakeDetectionExperiment/data/images/doc/doc_nano_pro_nano_pro_036.png,1,doc,nanopro,nanopro,test_unseen,3.5388569672191896e-33
doc_nano_pro_nano_pro_037,C:/Users/Jeevan/Desktop/DeepFakeDetectionExperiment/data/images/doc/doc_nano_pro_nano_pro_037.png,1,doc,nanopro,nanopro,test_unseen,4.6429010068778406e-30
doc_nano_pro_nano_pro_038,C:/Users/Jeevan/Desktop/DeepFakeDetectionExperiment/data/images/doc/doc_nano_pro_nano_pro_038.png,1,doc,nanopro,nanopro,test_unseen,7.929114518669398e-30
doc_nano_pro_nano_pro_039,C:/Users/Jeevan/Desktop/DeepFakeDetectionExperiment/data/images/doc/doc_nano_pro_nano_pro_039.png,1,doc,nanopro,nanopro,test_unseen,3.3703220321917616e-29
doc_nano_pro_nano_pro_040,C:/Users/Jeevan/Desktop/DeepFakeDetectionExperiment/data/images/doc/doc_nano_pro_nano_pro_040.png,1,doc,nanopro,nanopro,test_unseen,2.402175441779267e-27
doc_nano_pro_nano_pro_041,C:/Users/Jeevan/Desktop/DeepFakeDetectionExperiment/data/images/doc/doc_nano_pro_nano_pro_041.png,1,doc,nanopro,nanopro,test_unseen,1.835101085242792e-26
doc_nano_pro_nano_pro_042,C:/Users/Jeevan/Desktop/DeepFakeDetectionExperiment/data/images/doc/doc_nano_pro_nano_pro_042.png,1,doc,nanopro,nanopro,test_unseen,2.7951889150371166e-32
doc_nano_pro_nano_pro_043,C:/Users/Jeevan/Desktop/DeepFakeDetectionExperiment/data/images/doc/doc_nano_pro_nano_pro_043.png,1,doc,nanopro,nanopro,test_unseen,4.057396056885851e-26
doc_nano_pro_nano_pro_044,C:/Users/Jeevan/Desktop/DeepFakeDetectionExperiment/data/images/doc/doc_nano_pro_nano_pro_044.png,1,doc,nanopro,nanopro,test_unseen,1.7160609445733473e-30
doc_nano_pro_nano_pro_045,C:/Users/Jeevan/Desktop/DeepFakeDetectionExperiment/data/images/doc/doc_nano_pro_nano_pro_045.png,1,doc,nanopro,nanopro,test_unseen,4.3827087356521876e-26
doc_nano_pro_nano_pro_046,C:/Users/Jeevan/Desktop/DeepFakeDetectionExperiment/data/images/doc/doc_nano_pro_nano_pro_046.png,1,doc,nanopro,nanopro,test_unseen,3.6919091969637317e-32
doc_nano_pro_nano_pro_047,C:/Users/Jeevan/Desktop/DeepFakeDetectionExperiment/data/images/doc/doc_nano_pro_nano_pro_047.png,1,doc,nanopro,nanopro,test_unseen,8.81931469783525e-31
doc_nano_pro_nano_pro_048,C:/Users/Jeevan/Desktop/DeepFakeDetectionExperiment/data/images/doc/doc_nano_pro_nano_pro_048.png,1,doc,nanopro,nanopro,test_unseen,6.151125710508289e-30
doc_nano_pro_nano_pro_049,C:/Users/Jeevan/Desktop/DeepFakeDetectionExperiment/data/images/doc/doc_nano_pro_nano_pro_049.png,1,doc,nanopro,nanopro,test_unseen,6.708312515442121e-29
doc_nano_pro_nano_pro_050,C:/Users/Jeevan/Desktop/DeepFakeDetectionExperiment/data/images/doc/doc_nano_pro_nano_pro_050.png,1,doc,nanopro,nanopro,test_unseen,2.0134218419821446e-32
doc_nano_pro_nano_pro_051,C:/Users/Jeevan/Desktop/DeepFakeDetectionExperiment/data/images/doc/doc_nano_pro_nano_pro_051.png,1,doc,nanopro,nanopro,test_unseen,2.8744528870261992e-30
doc_nano_pro_nano_pro_052,C:/Users/Jeevan/Desktop/DeepFakeDetectionExperiment/data/images/doc/doc_nano_pro_nano_pro_052.png,1,doc,nanopro,nanopro,test_unseen,2.580411796077613e-29
doc_nano_pro_nano_pro_053,C:/Users/Jeevan/Desktop/DeepFakeDetectionExperiment/data/images/doc/doc_nano_pro_nano_pro_053.png,1,doc,nanopro,nanopro,test_unseen,8.202498017326011e-30
doc_nano_pro_nano_pro_054,C:/Users/Jeevan/Desktop/DeepFakeDetectionExperiment/data/images/doc/doc_nano_pro_nano_pro_054.png,1,doc,nanopro,nanopro,test_unseen,2.2414731027694253e-29
doc_nano_pro_nano_pro_055,C:/Users/Jeevan/Desktop/DeepFakeDetectionExperiment/data/images/doc/doc_nano_pro_nano_pro_055.png,1,doc,nanopro,nanopro,test_unseen,4.8165578217598466e-30
doc_nano_pro_nano_pro_056,C:/Users/Jeevan/Desktop/DeepFakeDetectionExperiment/data/images/doc/doc_nano_pro_nano_pro_056.png,1,doc,nanopro,nanopro,test_unseen,8.49561594836231e-28
doc_nano_pro_nano_pro_057,C:/Users/Jeevan/Desktop/DeepFakeDetectionExperiment/data/images/doc/doc_nano_pro_nano_pro_057.png,1,doc,nanopro,nanopro,test_unseen,6.965454076998058e-32
doc_nano_pro_nano_pro_058,C:/Users/Jeevan/Desktop/DeepFakeDetectionExperiment/data/images/doc/doc_nano_pro_nano_pro_058.png,1,doc,nanopro,nanopro,test_unseen,3.501458659882987e-26
doc_nano_pro_nano_pro_059,C:/Users/Jeevan/Desktop/DeepFakeDetectionExperiment/data/images/doc/doc_nano_pro_nano_pro_059.png,1,doc,nanopro,nanopro,test_unseen,4.076716911759085e-31
doc_nano_pro_nano_pro_060,C:/Users/Jeevan/Desktop/DeepFakeDetectionExperiment/data/images/doc/doc_nano_pro_nano_pro_060.png,1,doc,nanopro,nanopro,test_unseen,1.7718356756348884e-33
doc_nano_pro_nano_pro_061,C:/Users/Jeevan/Desktop/DeepFakeDetectionExperiment/data/images/doc/doc_nano_pro_nano_pro_061.png,1,doc,nanopro,nanopro,test_unseen,7.041202284092165e-29
doc_nano_pro_nano_pro_062,C:/Users/Jeevan/Desktop/DeepFakeDetectionExperiment/data/images/doc/doc_nano_pro_nano_pro_062.png,1,doc,nanopro,nanopro,test_unseen,4.4141450666146004e-29
doc_nano_pro_nano_pro_063,C:/Users/Jeevan/Desktop/DeepFakeDetectionExperiment/data/images/doc/doc_nano_pro_nano_pro_063.png,1,doc,nanopro,nanopro,test_unseen,3.1203694273312176e-29
doc_nano_pro_nano_pro_064,C:/Users/Jeevan/Desktop/DeepFakeDetectionExperiment/data/images/doc/doc_nano_pro_nano_pro_064.png,1,doc,nanopro,nanopro,test_unseen,2.0720480064246738e-32
doc_nano_pro_nano_pro_065,C:/Users/Jeevan/Desktop/DeepFakeDetectionExperiment/data/images/doc/doc_nano_pro_nano_pro_065.png,1,doc,nanopro,nanopro,test_unseen,1.6325939619700464e-29
doc_nano_pro_nano_pro_066,C:/Users/Jeevan/Desktop/DeepFakeDetectionExperiment/data/images/doc/doc_nano_pro_nano_pro_066.png,1,doc,nanopro,nanopro,test_unseen,2.5400431214407878e-25
doc_nano_pro_nano_pro_067,C:/Users/Jeevan/Desktop/DeepFakeDetectionExperiment/data/images/doc/doc_nano_pro_nano_pro_067.png,1,doc,nanopro,nanopro,test_unseen,1.8480384161254784e-29
doc_nano_pro_nano_pro_068,C:/Users/Jeevan/Desktop/DeepFakeDetectionExperiment/data/images/doc/doc_nano_pro_nano_pro_068.png,1,doc,nanopro,nanopro,test_unseen,3.731136436884458e-27
doc_nano_pro_nano_pro_069,C:/Users/Jeevan/Desktop/DeepFakeDetectionExperiment/data/images/doc/doc_nano_pro_nano_pro_069.png,1,doc,nanopro,nanopro,test_unseen,5.239122838281577e-31
doc_nano_pro_nano_pro_070,C:/Users/Jeevan/Desktop/DeepFakeDetectionExperiment/data/images/doc/doc_nano_pro_nano_pro_070.png,1,doc,nanopro,nanopro,test_unseen,1.29446716850404e-29
doc_nano_pro_nano_pro_071,C:/Users/Jeevan/Desktop/DeepFakeDetectionExperiment/data/images/doc/doc_nano_pro_nano_pro_071.png,1,doc,nanopro,nanopro,test_unseen,1.08427187496825e-32
doc_nano_pro_nano_pro_072,C:/Users/Jeevan/Desktop/DeepFakeDetectionExperiment/data/images/doc/doc_nano_pro_nano_pro_072.png,1,doc,nanopro,nanopro,test_unseen,1.2572397953845176e-25
doc_nano_pro_nano_pro_073,C:/Users/Jeevan/Desktop/DeepFakeDetectionExperiment/data/images/doc/doc_nano_pro_nano_pro_073.png,1,doc,nanopro,nanopro,test_unseen,4.825054106848493e-30
doc_nano_pro_nano_pro_074,C:/Users/Jeevan/Desktop/DeepFakeDetectionExperiment/data/images/doc/doc_nano_pro_nano_pro_074.png,1,doc,nanopro,nanopro,test_unseen,1.5387145068308904e-28
doc_nano_pro_nano_pro_075,C:/Users/Jeevan/Desktop/DeepFakeDetectionExperiment/data/images/doc/doc_nano_pro_nano_pro_075.png,1,doc,nanopro,nanopro,test_unseen,1.142887966862998e-26
doc_nano_pro_nano_pro_076,C:/Users/Jeevan/Desktop/DeepFakeDetectionExperiment/data/images/doc/doc_nano_pro_nano_pro_076.png,1,doc,nanopro,nanopro,test_unseen,2.2868680238750167e-29
doc_nano_pro_nano_pro_077,C:/Users/Jeevan/Desktop/DeepFakeDetectionExperiment/data/images/doc/doc_nano_pro_nano_pro_077.png,1,doc,nanopro,nanopro,test_unseen,1.3279217377284424e-30
doc_nano_pro_nano_pro_078,C:/Users/Jeevan/Desktop/DeepFakeDetectionExperiment/data/images/doc/doc_nano_pro_nano_pro_078.png,1,doc,nanopro,nanopro,test_unseen,3.5116809337277206e-32
doc_nano_pro_nano_pro_079,C:/Users/Jeevan/Desktop/DeepFakeDetectionExperiment/data/images/doc/doc_nano_pro_nano_pro_079.png,1,doc,nanopro,nanopro,test_unseen,1.479851316882956e-29
doc_nano_pro_nano_pro_080,C:/Users/Jeevan/Desktop/DeepFakeDetectionExperiment/data/images/doc/doc_nano_pro_nano_pro_080.png,1,doc,nanopro,nanopro,test_unseen,1.8991052223432609e-25
doc_nano_pro_nano_pro_081,C:/Users/Jeevan/Desktop/DeepFakeDetectionExperiment/data/images/doc/doc_nano_pro_nano_pro_081.png,1,doc,nanopro,nanopro,test_unseen,3.708031290064356e-30
doc_nano_pro_nano_pro_082,C:/Users/Jeevan/Desktop/DeepFakeDetectionExperiment/data/images/doc/doc_nano_pro_nano_pro_082.png,1,doc,nanopro,nanopro,test_unseen,4.3528442211175243e-29
doc_nano_pro_nano_pro_083,C:/Users/Jeevan/Desktop/DeepFakeDetectionExperiment/data/images/doc/doc_nano_pro_nano_pro_083.png,1,doc,nanopro,nanopro,test_unseen,6.710382288279231e-30
doc_nano_pro_nano_pro_084,C:/Users/Jeevan/Desktop/DeepFakeDetectionExperiment/data/images/doc/doc_nano_pro_nano_pro_084.png,1,doc,nanopro,nanopro,test_unseen,4.2850000286343914e-29
doc_nano_pro_nano_pro_085,C:/Users/Jeevan/Desktop/DeepFakeDetectionExperiment/data/images/doc/doc_nano_pro_nano_pro_085.png,1,doc,nanopro,nanopro,test_unseen,3.533794002906378e-28
doc_nano_pro_nano_pro_086,C:/Users/Jeevan/Desktop/DeepFakeDetectionExperiment/data/images/doc/doc_nano_pro_nano_pro_086.png,1,doc,nanopro,nanopro,test_unseen,1.2667596569884917e-29
doc_nano_pro_nano_pro_087,C:/Users/Jeevan/Desktop/DeepFakeDetectionExperiment/data/images/doc/doc_nano_pro_nano_pro_087.png,1,doc,nanopro,nanopro,test_unseen,8.340063582134947e-30
doc_nano_pro_nano_pro_088,C:/Users/Jeevan/Desktop/DeepFakeDetectionExperiment/data/images/doc/doc_nano_pro_nano_pro_088.png,1,doc,nanopro,nanopro,test_unseen,2.2577338195678533e-30
doc_nano_pro_nano_pro_089,C:/Users/Jeevan/Desktop/DeepFakeDetectionExperiment/data/images/doc/doc_nano_pro_nano_pro_089.png,1,doc,nanopro,nanopro,test_unseen,1.2488531728672742e-29
doc_nano_pro_nano_pro_090,C:/Users/Jeevan/Desktop/DeepFakeDetectionExperiment/data/images/doc/doc_nano_pro_nano_pro_090.png,1,doc,nanopro,nanopro,test_unseen,4.9385189153525745e-29
doc_nano_pro_nano_pro_091,C:/Users/Jeevan/Desktop/DeepFakeDetectionExperiment/data/images/doc/doc_nano_pro_nano_pro_091.png,1,doc,nanopro,nanopro,test_unseen,5.8176597803551585e-31
doc_nano_pro_nano_pro_092,C:/Users/Jeevan/Desktop/DeepFakeDetectionExperiment/data/images/doc/doc_nano_pro_nano_pro_092.png,1,doc,nanopro,nanopro,test_unseen,1.3627790730741669e-27
doc_nano_pro_nano_pro_093,C:/Users/Jeevan/Desktop/DeepFakeDetectionExperiment/data/images/doc/doc_nano_pro_nano_pro_093.png,1,doc,nanopro,nanopro,test_unseen,4.463829906393349e-28
doc_nano_pro_nano_pro_094,C:/Users/Jeevan/Desktop/DeepFakeDetectionExperiment/data/images/doc/doc_nano_pro_nano_pro_094.png,1,doc,nanopro,nanopro,test_unseen,7.624651460157736e-24
doc_nano_pro_nano_pro_095,C:/Users/Jeevan/Desktop/DeepFakeDetectionExperiment/data/images/doc/doc_nano_pro_nano_pro_095.png,1,doc,nanopro,nanopro,test_unseen,1.2957954771204691e-30
doc_nano_pro_nano_pro_096,C:/Users/Jeevan/Desktop/DeepFakeDetectionExperiment/data/images/doc/doc_nano_pro_nano_pro_096.png,1,doc,nanopro,nanopro,test_unseen,1.0900605558976315e-26
doc_nano_pro_nano_pro_097,C:/Users/Jeevan/Desktop/DeepFakeDetectionExperiment/data/images/doc/doc_nano_pro_nano_pro_097.png,1,doc,nanopro,nanopro,test_unseen,5.247091170301055e-28
doc_nano_pro_nano_pro_098,C:/Users/Jeevan/Desktop/DeepFakeDetectionExperiment/data/images/doc/doc_nano_pro_nano_pro_098.png,1,doc,nanopro,nanopro,test_unseen,5.4064434564940055e-30
doc_nano_pro_nano_pro_099,C:/Users/Jeevan/Desktop/DeepFakeDetectionExperiment/data/images/doc/doc_nano_pro_nano_pro_099.png,1,doc,nanopro,nanopro,test_unseen,1.3610958103027722e-27
doc_nano_pro_nano_pro_100,C:/Users/Jeevan/Desktop/DeepFakeDetectionExperiment/data/images/doc/doc_nano_pro_nano_pro_100.png,1,doc,nanopro,nanopro,test_unseen,3.190461264318885e-27
doc_nano_pro_nano_pro_101,C:/Users/Jeevan/Desktop/DeepFakeDetectionExperiment/data/images/doc/doc_nano_pro_nano_pro_101.png,1,doc,nanopro,nanopro,test_unseen,6.863699101230992e-30
doc_nano_pro_nano_pro_102,C:/Users/Jeevan/Desktop/DeepFakeDetectionExperiment/data/images/doc/doc_nano_pro_nano_pro_102.png,1,doc,nanopro,nanopro,test_unseen,3.173984909570528e-29
doc_nano_pro_nano_pro_103,C:/Users/Jeevan/Desktop/DeepFakeDetectionExperiment/data/images/doc/doc_nano_pro_nano_pro_103.png,1,doc,nanopro,nanopro,test_unseen,1.656552891590088e-28
doc_nano_pro_nano_pro_104,C:/Users/Jeevan/Desktop/DeepFakeDetectionExperiment/data/images/doc/doc_nano_pro_nano_pro_104.png,1,doc,nanopro,nanopro,test_unseen,2.4046106161889732e-30
doc_nano_pro_nano_pro_105,C:/Users/Jeevan/Desktop/DeepFakeDetectionExperiment/data/images/doc/doc_nano_pro_nano_pro_105.png,1,doc,nanopro,nanopro,test_unseen,3.400723137290468e-29
doc_nano_pro_nano_pro_106,C:/Users/Jeevan/Desktop/DeepFakeDetectionExperiment/data/images/doc/doc_nano_pro_nano_pro_106.png,1,doc,nanopro,nanopro,test_unseen,4.4778370792102326e-33
doc_nano_pro_nano_pro_107,C:/Users/Jeevan/Desktop/DeepFakeDetectionExperiment/data/images/doc/doc_nano_pro_nano_pro_107.png,1,doc,nanopro,nanopro,test_unseen,3.246642566726605e-27
doc_nano_pro_nano_pro_108,C:/Users/Jeevan/Desktop/DeepFakeDetectionExperiment/data/images/doc/doc_nano_pro_nano_pro_108.png,1,doc,nanopro,nanopro,test_unseen,1.7209549152244534e-26
doc_nano_pro_nano_pro_109,C:/Users/Jeevan/Desktop/DeepFakeDetectionExperiment/data/images/doc/doc_nano_pro_nano_pro_109.png,1,doc,nanopro,nanopro,test_unseen,1.613383532998513e-28
doc_nano_pro_nano_pro_110,C:/Users/Jeevan/Desktop/DeepFakeDetectionExperiment/data/images/doc/doc_nano_pro_nano_pro_110.png,1,doc,nanopro,nanopro,test_unseen,1.2472499505406623e-27
doc_nano_pro_nano_pro_111,C:/Users/Jeevan/Desktop/DeepFakeDetectionExperiment/data/images/doc/doc_nano_pro_nano_pro_111.png,1,doc,nanopro,nanopro,test_unseen,5.0084140426705475e-28
doc_nano_pro_nano_pro_112,C:/Users/Jeevan/Desktop/DeepFakeDetectionExperiment/data/images/doc/doc_nano_pro_nano_pro_112.png,1,doc,nanopro,nanopro,test_unseen,1.2547840590846869e-29
doc_nano_pro_nano_pro_113,C:/Users/Jeevan/Desktop/DeepFakeDetectionExperiment/data/images/doc/doc_nano_pro_nano_pro_113.png,1,doc,nanopro,nanopro,test_unseen,1.4367885248476443e-32
doc_nano_pro_nano_pro_114,C:/Users/Jeevan/Desktop/DeepFakeDetectionExperiment/data/images/doc/doc_nano_pro_nano_pro_114.png,1,doc,nanopro,nanopro,test_unseen,2.7213022983796e-29
doc_nano_pro_nano_pro_115,C:/Users/Jeevan/Desktop/DeepFakeDetectionExperiment/data/images/doc/doc_nano_pro_nano_pro_115.png,1,doc,nanopro,nanopro,test_unseen,3.9680386974436417e-32
doc_nano_pro_nano_pro_116,C:/Users/Jeevan/Desktop/DeepFakeDetectionExperiment/data/images/doc/doc_nano_pro_nano_pro_116.png,1,doc,nanopro,nanopro,test_unseen,3.1448324691142027e-28
doc_nano_pro_nano_pro_117,C:/Users/Jeevan/Desktop/DeepFakeDetectionExperiment/data/images/doc/doc_nano_pro_nano_pro_117.png,1,doc,nanopro,nanopro,test_unseen,2.1235260778819293e-31
doc_nano_pro_nano_pro_118,C:/Users/Jeevan/Desktop/DeepFakeDetectionExperiment/data/images/doc/doc_nano_pro_nano_pro_118.png,1,doc,nanopro,nanopro,test_unseen,9.592545477851345e-30
doc_nano_pro_nano_pro_119,C:/Users/Jeevan/Desktop/DeepFakeDetectionExperiment/data/images/doc/doc_nano_pro_nano_pro_119.png,1,doc,nanopro,nanopro,test_unseen,4.0556569806646675e-29
doc_nano_pro_nano_pro_120,C:/Users/Jeevan/Desktop/DeepFakeDetectionExperiment/data/images/doc/doc_nano_pro_nano_pro_120.png,1,doc,nanopro,nanopro,test_unseen,6.106756482515033e-28
doc_nano_pro_nano_pro_121,C:/Users/Jeevan/Desktop/DeepFakeDetectionExperiment/data/images/doc/doc_nano_pro_nano_pro_121.png,1,doc,nanopro,nanopro,test_unseen,3.5912301629309167e-32
doc_nano_pro_nano_pro_122,C:/Users/Jeevan/Desktop/DeepFakeDetectionExperiment/data/images/doc/doc_nano_pro_nano_pro_122.png,1,doc,nanopro,nanopro,test_unseen,3.354436742454442e-25
doc_nano_pro_nano_pro_123,C:/Users/Jeevan/Desktop/DeepFakeDetectionExperiment/data/images/doc/doc_nano_pro_nano_pro_123.png,1,doc,nanopro,nanopro,test_unseen,2.3910468407816146e-29
doc_nano_pro_nano_pro_124,C:/Users/Jeevan/Desktop/DeepFakeDetectionExperiment/data/images/doc/doc_nano_pro_nano_pro_124.png,1,doc,nanopro,nanopro,test_unseen,2.8782026199657737e-32
doc_nano_pro_nano_pro_125,C:/Users/Jeevan/Desktop/DeepFakeDetectionExperiment/data/images/doc/doc_nano_pro_nano_pro_125.png,1,doc,nanopro,nanopro,test_unseen,1.2663882534357783e-28
doc_nano_pro_nano_pro_126,C:/Users/Jeevan/Desktop/DeepFakeDetectionExperiment/data/images/doc/doc_nano_pro_nano_pro_126.png,1,doc,nanopro,nanopro,test_unseen,1.8197820521915988e-30
doc_nano_pro_nano_pro_127,C:/Users/Jeevan/Desktop/DeepFakeDetectionExperiment/data/images/doc/doc_nano_pro_nano_pro_127.png,1,doc,nanopro,nanopro,test_unseen,1.300990362814945e-31
doc_nano_pro_nano_pro_128,C:/Users/Jeevan/Desktop/DeepFakeDetectionExperiment/data/images/doc/doc_nano_pro_nano_pro_128.png,1,doc,nanopro,nanopro,test_unseen,1.836641983272697e-26
doc_nano_pro_nano_pro_129,C:/Users/Jeevan/Desktop/DeepFakeDetectionExperiment/data/images/doc/doc_nano_pro_nano_pro_129.png,1,doc,nanopro,nanopro,test_unseen,4.947472909729568e-30
doc_nano_pro_nano_pro_130,C:/Users/Jeevan/Desktop/DeepFakeDetectionExperiment/data/images/doc/doc_nano_pro_nano_pro_130.png,1,doc,nanopro,nanopro,test_unseen,1.7255978477910036e-31
doc_nano_pro_nano_pro_131,C:/Users/Jeevan/Desktop/DeepFakeDetectionExperiment/data/images/doc/doc_nano_pro_nano_pro_131.png,1,doc,nanopro,nanopro,test_unseen,1.3999029932417231e-30
doc_nano_pro_nano_pro_132,C:/Users/Jeevan/Desktop/DeepFakeDetectionExperiment/data/images/doc/doc_nano_pro_nano_pro_132.png,1,doc,nanopro,nanopro,test_unseen,1.3518579248241798e-29
doc_nano_pro_nano_pro_133,C:/Users/Jeevan/Desktop/DeepFakeDetectionExperiment/data/images/doc/doc_nano_pro_nano_pro_133.png,1,doc,nanopro,nanopro,test_unseen,2.6255504782226346e-29
doc_nano_pro_nano_pro_134,C:/Users/Jeevan/Desktop/DeepFakeDetectionExperiment/data/images/doc/doc_nano_pro_nano_pro_134.png,1,doc,nanopro,nanopro,test_unseen,2.446551455290153e-31
doc_nano_pro_nano_pro_135,C:/Users/Jeevan/Desktop/DeepFakeDetectionExperiment/data/images/doc/doc_nano_pro_nano_pro_135.png,1,doc,nanopro,nanopro,test_unseen,9.004716517420742e-33
doc_nano_pro_nano_pro_136,C:/Users/Jeevan/Desktop/DeepFakeDetectionExperiment/data/images/doc/doc_nano_pro_nano_pro_136.png,1,doc,nanopro,nanopro,test_unseen,1.1498273620828171e-27
doc_nano_pro_nano_pro_137,C:/Users/Jeevan/Desktop/DeepFakeDetectionExperiment/data/images/doc/doc_nano_pro_nano_pro_137.png,1,doc,nanopro,nanopro,test_unseen,2.424184632145984e-28
doc_nano_pro_nano_pro_138,C:/Users/Jeevan/Desktop/DeepFakeDetectionExperiment/data/images/doc/doc_nano_pro_nano_pro_138.png,1,doc,nanopro,nanopro,test_unseen,1.3146111920161152e-29
doc_nano_pro_nano_pro_139,C:/Users/Jeevan/Desktop/DeepFakeDetectionExperiment/data/images/doc/doc_nano_pro_nano_pro_139.png,1,doc,nanopro,nanopro,test_unseen,2.083422677510406e-31
doc_nano_pro_nano_pro_140,C:/Users/Jeevan/Desktop/DeepFakeDetectionExperiment/data/images/doc/doc_nano_pro_nano_pro_140.png,1,doc,nanopro,nanopro,test_unseen,1.6593238473716997e-27
doc_nano_pro_nano_pro_141,C:/Users/Jeevan/Desktop/DeepFakeDetectionExperiment/data/images/doc/doc_nano_pro_nano_pro_141.png,1,doc,nanopro,nanopro,test_unseen,2.9655199653482443e-28
doc_nano_pro_nano_pro_142,C:/Users/Jeevan/Desktop/DeepFakeDetectionExperiment/data/images/doc/doc_nano_pro_nano_pro_142.png,1,doc,nanopro,nanopro,test_unseen,2.3441416258766398e-26
doc_nano_pro_nano_pro_143,C:/Users/Jeevan/Desktop/DeepFakeDetectionExperiment/data/images/doc/doc_nano_pro_nano_pro_143.png,1,doc,nanopro,nanopro,test_unseen,7.32231400396634e-27
doc_nano_pro_nano_pro_144,C:/Users/Jeevan/Desktop/DeepFakeDetectionExperiment/data/images/doc/doc_nano_pro_nano_pro_144.png,1,doc,nanopro,nanopro,test_unseen,3.011271813088322e-32
doc_nano_pro_nano_pro_145,C:/Users/Jeevan/Desktop/DeepFakeDetectionExperiment/data/images/doc/doc_nano_pro_nano_pro_145.png,1,doc,nanopro,nanopro,test_unseen,1.224616575908619e-25
doc_nano_pro_nano_pro_146,C:/Users/Jeevan/Desktop/DeepFakeDetectionExperiment/data/images/doc/doc_nano_pro_nano_pro_146.png,1,doc,nanopro,nanopro,test_unseen,2.018242434112272e-33
doc_nano_pro_nano_pro_147,C:/Users/Jeevan/Desktop/DeepFakeDetectionExperiment/data/images/doc/doc_nano_pro_nano_pro_147.png,1,doc,nanopro,nanopro,test_unseen,5.456335198324826e-30
doc_nano_pro_nano_pro_148,C:/Users/Jeevan/Desktop/DeepFakeDetectionExperiment/data/images/doc/doc_nano_pro_nano_pro_148.png,1,doc,nanopro,nanopro,test_unseen,4.270555930209679e-30
doc_nano_pro_nano_pro_149,C:/Users/Jeevan/Desktop/DeepFakeDetectionExperiment/data/images/doc/doc_nano_pro_nano_pro_149.png,1,doc,nanopro,nanopro,test_unseen,1.4920758445234566e-32
doc_nano_pro_nano_pro_150,C:/Users/Jeevan/Desktop/DeepFakeDetectionExperiment/data/images/doc/doc_nano_pro_nano_pro_150.png,1,doc,nanopro,nanopro,test_unseen,6.515597043895998e-30
doc_nano_pro_nano_pro_151,C:/Users/Jeevan/Desktop/DeepFakeDetectionExperiment/data/images/doc/doc_nano_pro_nano_pro_151.png,1,doc,nanopro,nanopro,test_unseen,1.69752533587557e-29
doc_nano_pro_nano_pro_152,C:/Users/Jeevan/Desktop/DeepFakeDetectionExperiment/data/images/doc/doc_nano_pro_nano_pro_152.png,1,doc,nanopro,nanopro,test_unseen,1.0127873598577401e-31
doc_nano_pro_nano_pro_153,C:/Users/Jeevan/Desktop/DeepFakeDetectionExperiment/data/images/doc/doc_nano_pro_nano_pro_153.png,1,doc,nanopro,nanopro,test_unseen,9.229677405910699e-29
doc_nano_pro_nano_pro_154,C:/Users/Jeevan/Desktop/DeepFakeDetectionExperiment/data/images/doc/doc_nano_pro_nano_pro_154.png,1,doc,nanopro,nanopro,test_unseen,1.736823209053662e-33
doc_nano_pro_nano_pro_155,C:/Users/Jeevan/Desktop/DeepFakeDetectionExperiment/data/images/doc/doc_nano_pro_nano_pro_155.png,1,doc,nanopro,nanopro,test_unseen,2.3538538594745917e-27
doc_nano_pro_nano_pro_156,C:/Users/Jeevan/Desktop/DeepFakeDetectionExperiment/data/images/doc/doc_nano_pro_nano_pro_156.png,1,doc,nanopro,nanopro,test_unseen,3.748468265639987e-28
doc_nano_pro_nano_pro_157,C:/Users/Jeevan/Desktop/DeepFakeDetectionExperiment/data/images/doc/doc_nano_pro_nano_pro_157.png,1,doc,nanopro,nanopro,test_unseen,3.940653203671744e-28
doc_nano_pro_nano_pro_158,C:/Users/Jeevan/Desktop/DeepFakeDetectionExperiment/data/images/doc/doc_nano_pro_nano_pro_158.png,1,doc,nanopro,nanopro,test_unseen,5.124780174357883e-28
doc_nano_pro_nano_pro_159,C:/Users/Jeevan/Desktop/DeepFakeDetectionExperiment/data/images/doc/doc_nano_pro_nano_pro_159.png,1,doc,nanopro,nanopro,test_unseen,3.6189032395149534e-30
doc_nano_pro_nano_pro_160,C:/Users/Jeevan/Desktop/DeepFakeDetectionExperiment/data/images/doc/doc_nano_pro_nano_pro_160.png,1,doc,nanopro,nanopro,test_unseen,5.3395622477909765e-31
doc_nano_pro_nano_pro_161,C:/Users/Jeevan/Desktop/DeepFakeDetectionExperiment/data/images/doc/doc_nano_pro_nano_pro_161.png,1,doc,nanopro,nanopro,test_unseen,1.4275150433312387e-28
doc_nano_pro_nano_pro_162,C:/Users/Jeevan/Desktop/DeepFakeDetectionExperiment/data/images/doc/doc_nano_pro_nano_pro_162.png,1,doc,nanopro,nanopro,test_unseen,6.752724159033138e-31
doc_nano_pro_nano_pro_163,C:/Users/Jeevan/Desktop/DeepFakeDetectionExperiment/data/images/doc/doc_nano_pro_nano_pro_163.png,1,doc,nanopro,nanopro,test_unseen,1.5549776370602798e-27
doc_nano_pro_nano_pro_164,C:/Users/Jeevan/Desktop/DeepFakeDetectionExperiment/data/images/doc/doc_nano_pro_nano_pro_164.png,1,doc,nanopro,nanopro,test_unseen,3.2113250800735505e-29
doc_nano_pro_nano_pro_165,C:/Users/Jeevan/Desktop/DeepFakeDetectionExperiment/data/images/doc/doc_nano_pro_nano_pro_165.png,1,doc,nanopro,nanopro,test_unseen,3.0902826701106212e-28
doc_nano_pro_nano_pro_166,C:/Users/Jeevan/Desktop/DeepFakeDetectionExperiment/data/images/doc/doc_nano_pro_nano_pro_166.png,1,doc,nanopro,nanopro,test_unseen,4.436352571432139e-25
